10080720986
1023477191
10350271019
10859858780
10923355489
10973366910
1122400711
11922853751
12194358029
13523783254
14426272122
15142628213
15349317954
15945127795
16081717833
16815241619
17106055583
17462178088
18036808549
18108389005
182067210
182068610
18394603039
191333213
198316842
19918288136
206882084
20892897926
20910960276
20913645492
21082861090
214674760
21578530304
21592765746
22547943557
226186208
23267444231
2342273034
240980106
245917653
251135133
262303915
269673268
278258481
284378979
28536818561
28876627977
2964666167
29648486321
300046622
30015020715
30136639140
308887609
31663134848
329562955
333250050
34528500113
35147379977
37092084382
37131868746
394167914
40631620392
4524661769
4580956832
4642204181
4757147986
5078795868
5212153191
5212278456
5276130892
5296069722
5420652582
5617551178
6071548855
660288462
8991818384
9581516592
9684355414
9686714708
9908502028
