182067158
220125765
1945113079
3257290845
3541978225
4026496704
4971894028
5787968123
6947576179
8291811373
8586127109
8651099424
10512338986
10730457481
10876824955
11627064193
12306469449
12312968377
13111881995
13862363199
13972169303
14042952744
14294870354
14409953660
14750105705
14990493337
15277660455
15321278390
15693229860
15960752511
16862323880
17033639215
17505489736
18036808549
18258666571
18372090153
18927499626
20042418353
21578530304
22152924593
22310427490
28820118384
32325343093
33568350119
33903206022
35401796484
35723913384
36039977574
35721706538
36593400729
36676369554
37139011367
37412821846
37541427245
38750692792
37907330334
38825761424
38951518799
39080826394
39246381112
37131868746
39450988560
39487512926
36665634613
40358675272
41042285856
41290345106
41178479789
41855324504
41654417474
42430601225
42842650405
43165311849
43216671657
43250596888
43289345306
42558581114
43519671920
43529528476
43582666861
43722537749
43739684624
43879122759
43708881771
43775146515
43997494429
43899909216
44066520104
44166306716
44466595850
44538264976
44633773241
44767460934
44844348485
44865979243
45064999232
45096194950
45082608990
45089956479
45130273826
