509893477
576275072
668676276
673454583
695777888
704359279
718581388
747872617
779340169
843976970
856393730
876144478
998447858
1131328113
3018267843
7630229200
11578850667
11995622942
12314231077
12345544852
13676910871
13974797071
13977209941
14010594837
14085726218
14120447614
15672498547
24655453527
25037580665
25190922842
25793791410
26082881300
26225911870
26225967897
26226180872
26226193070
26633842272
26848293166
26842211117
26963879726
26964000067
27017215922
27018516652
27018632020
27018636407
27270211669
27511790113
28261398024
28411955553
28466513821
